0.999344826 -0.000087208 -0.036190320 -0.005277462 0.000090924 0.999999940 0.000101042 0.000694722 0.036190312 -0.000104266 0.999344826 0.030281635
0.998782396 -0.001192809 -0.049318343 -0.007310027 0.001215529 0.999999166 0.000430698 0.000442709 0.049317788 -0.000490122 0.998782992 0.043466348
0.998325765 -0.001306776 -0.057826649 -0.009669860 0.001282061 0.999999166 -0.000464503 0.000995049 0.057827201 0.000389588 0.998326480 0.050011244
0.997636437 -0.001525293 -0.068697102 -0.011493254 0.001493287 0.999998748 -0.000517241 0.000828231 0.068697810 0.000413434 0.997637391 0.060355440
0.996934593 -0.002657563 -0.078193933 -0.014928335 0.002603872 0.999996245 -0.000788593 0.001050003 0.078195751 0.000582569 0.996937811 0.071364604
0.996237278 -0.001387614 -0.086656250 -0.016339142 0.001199061 0.999996722 -0.002227881 0.002010269 0.086659051 0.002115591 0.996235788 0.079265386
0.995267332 -0.000128640 -0.097173639 -0.017063573 -0.000134234 0.999996305 -0.002698652 0.002221006 0.097173639 0.002698925 0.995263875 0.089911021
0.994345009 -0.001932019 -0.106180228 -0.022813600 0.002043284 0.999997497 0.000939114 0.000389630 0.106178142 -0.001150759 0.994346440 0.104982577
0.993685424 -0.001165192 -0.112197101 -0.023693033 0.000990624 0.999998152 -0.001611646 0.002285002 0.112198792 0.001490324 0.993684649 0.108385913
0.992645979 -0.002427089 -0.121029273 -0.025890660 0.002532708 0.999996483 0.000718838 0.001612842 0.121027097 -0.001020084 0.992648542 0.118833549
0.991773069 -0.004489437 -0.127930164 -0.029706540 0.004751963 0.999987245 0.001746967 0.001960122 0.127920687 -0.002340514 0.991781652 0.128715947
0.990848839 -0.006356181 -0.134826928 -0.033422649 0.006945533 0.999968231 0.003901265 0.001174106 0.134797841 -0.004802009 0.990861416 0.138377681
0.989654601 -0.007687814 -0.143265814 -0.032855477 0.008099900 0.999964535 0.002293351 0.003309822 0.143243119 -0.003430064 0.989681482 0.146986470
0.988365352 -0.010722561 -0.151721150 -0.034620464 0.011228944 0.999933839 0.002481158 0.004257353 0.151684538 -0.004155958 0.988420129 0.158056110
0.987224281 -0.015555622 -0.158575520 -0.039996147 0.016903087 0.999831557 0.007152021 0.002329986 0.158437565 -0.009741063 0.987320900 0.169742718
0.985855997 -0.017125748 -0.166717485 -0.039711829 0.018212471 0.999821603 0.004991555 0.004312531 0.166602299 -0.007957291 0.985992014 0.179223910
0.984990358 -0.018747944 -0.171588078 -0.042932540 0.020006653 0.999784112 0.005609156 0.004415891 0.171445876 -0.008957868 0.985152841 0.188331217
0.983663201 -0.021265188 -0.178758055 -0.045770802 0.022823431 0.999717295 0.006664833 0.004622094 0.178565800 -0.010635822 0.983870566 0.199070439
0.982366323 -0.023987530 -0.185420796 -0.049486399 0.025713993 0.999645412 0.006911493 0.004910443 0.185189247 -0.011557529 0.982634902 0.210220158
0.980722249 -0.026337102 -0.193623766 -0.051652741 0.028357133 0.999568462 0.007668162 0.005236394 0.193338275 -0.013010953 0.981045842 0.221593052
0.979503095 -0.027343569 -0.199564636 -0.054757811 0.029541891 0.999531150 0.008045611 0.005528224 0.199251115 -0.013776218 0.979851604 0.230111897
0.977893114 -0.029003529 -0.207084745 -0.057488218 0.031418473 0.999471188 0.008381658 0.005409812 0.206732184 -0.014702653 0.978287101 0.241229087
0.976213038 -0.031496774 -0.214513540 -0.062307760 0.033998076 0.999390006 0.007979906 0.005799193 0.214131370 -0.015083136 0.976688445 0.254570425
0.974484563 -0.032826234 -0.222041279 -0.064516343 0.035535891 0.999334633 0.008218230 0.005808845 0.221623778 -0.015898973 0.975002587 0.263856888
0.972892344 -0.035108849 -0.228577465 -0.070069939 0.038027599 0.999241531 0.008375904 0.005065611 0.228110045 -0.016841108 0.973489642 0.274698228
0.971253455 -0.035191827 -0.235432059 -0.071615897 0.037720039 0.999268770 0.006242214 0.007134363 0.235040262 -0.014943275 0.971870720 0.284100294
0.969317377 -0.037155285 -0.242988005 -0.074980684 0.039430924 0.999212086 0.004506639 0.008297411 0.242629141 -0.013949606 0.970018804 0.295530558
0.967733920 -0.040150601 -0.248755068 -0.080489039 0.042796396 0.999070048 0.005235083 0.007521077 0.248313561 -0.015711986 0.968552291 0.305697948
0.965655625 -0.042202450 -0.256375372 -0.083487071 0.044871617 0.998982251 0.004567592 0.008053807 0.255921721 -0.015914695 0.966566563 0.317149758
0.963928342 -0.043915410 -0.262513846 -0.087933913 0.046269003 0.998925030 0.002787665 0.009632082 0.262109250 -0.014833363 0.964924216 0.327915072
0.962034345 -0.046243712 -0.268982142 -0.092436321 0.048404362 0.998826802 0.001402340 0.010609013 0.268601716 -0.014369005 0.963144183 0.340535164
0.960004449 -0.047852401 -0.275865138 -0.094944529 0.050210200 0.998737574 0.001486361 0.009935808 0.275445700 -0.015278161 0.961195230 0.350639552
0.958624065 -0.050801359 -0.280105561 -0.100419573 0.052854974 0.998602211 -0.000222382 0.011258015 0.279725313 -0.014591791 0.959969223 0.359971136
0.956580698 -0.052713599 -0.286661088 -0.104343943 0.054807231 0.998496652 -0.000721428 0.011622186 0.286268175 -0.015021000 0.958031833 0.373847127
0.954705477 -0.054196365 -0.292575181 -0.108574040 0.056447644 0.998405218 -0.000748758 0.011562085 0.292149156 -0.015800340 0.956242263 0.385750800
0.952996016 -0.056171805 -0.297730327 -0.113045558 0.058799125 0.998269856 -0.000131956 0.011480035 0.297222584 -0.017380528 0.954649985 0.396684378
0.951369762 -0.056170471 -0.302886873 -0.117384553 0.058394607 0.998292148 -0.001715737 0.013615945 0.302465975 -0.016054656 0.953025103 0.410875380
0.950083435 -0.056696866 -0.306800991 -0.121128201 0.059329845 0.998238087 -0.000745313 0.013047475 0.306302696 -0.017494349 0.951773405 0.419269830
0.948764145 -0.057725299 -0.310667694 -0.126541704 0.060797244 0.998150170 0.000205166 0.012793993 0.310081184 -0.019082397 0.950518548 0.430972487
0.947332203 -0.058825541 -0.314803571 -0.131040066 0.062289029 0.998057663 0.000943813 0.012683342 0.314136654 -0.020502914 0.949156344 0.442918628
0.945862472 -0.058925118 -0.319173962 -0.135266185 0.062685430 0.998032093 0.001512107 0.013096149 0.318456829 -0.021437801 0.947694957 0.455363721
0.944651902 -0.060282215 -0.322488248 -0.140925929 0.063810803 0.997961879 0.000371021 0.014432842 0.321808696 -0.020928724 0.946573377 0.467901945
0.943275630 -0.059450451 -0.326644570 -0.144469991 0.063221700 0.997999012 0.000930683 0.014565546 0.325935721 -0.021528916 0.945146739 0.480382621
0.942218900 -0.059546880 -0.329662979 -0.149118006 0.063569054 0.997976422 0.001424427 0.014793983 0.328911155 -0.022298487 0.944097519 0.490926832
0.941036880 -0.060132630 -0.332916737 -0.154504150 0.064171694 0.997938275 0.001139263 0.014900316 0.332161874 -0.022435920 0.942955494 0.503739595
0.939856589 -0.060787596 -0.336116761 -0.159501314 0.064551078 0.997914433 0.000023651 0.016179951 0.335414320 -0.021718927 0.941820323 0.516109347
0.938631833 -0.061761253 -0.339346200 -0.164732277 0.065810703 0.997832060 0.000426314 0.016091930 0.338584214 -0.022732761 0.940661430 0.529163778
0.937620640 -0.062750459 -0.341949970 -0.169914097 0.066889882 0.997760355 0.000314150 0.016404379 0.341164440 -0.023167545 0.939718068 0.540833175
0.936544597 -0.063420385 -0.344763786 -0.174093843 0.067658149 0.997708499 0.000260513 0.017714253 0.343957245 -0.023570061 0.938689411 0.552031696
0.935713828 -0.063458964 -0.347005069 -0.179560125 0.067404926 0.997725487 -0.000699970 0.018417230 0.346260250 -0.022734882 0.937862873 0.565276504
0.934997857 -0.063897021 -0.348849803 -0.185704440 0.068095975 0.997678757 -0.000226771 0.017903011 0.348054528 -0.023543237 0.937178612 0.576882362
0.934248090 -0.063918307 -0.350848973 -0.191494256 0.068379126 0.997659445 0.000325959 0.018621530 0.350007027 -0.024295269 0.936432004 0.589553714
0.933320820 -0.065223016 -0.353069603 -0.196294039 0.069726542 0.997566223 0.000036733 0.019240793 0.352207839 -0.024652604 0.935597062 0.602020144
0.932520747 -0.064838059 -0.355247825 -0.201024354 0.069472127 0.997583866 0.000289430 0.019431531 0.354370654 -0.024949720 0.934772193 0.614537716
0.931731880 -0.065572567 -0.357177585 -0.205944151 0.070236899 0.997530341 0.000087739 0.019164242 0.356289804 -0.025168799 0.934036434 0.627141833
0.930982709 -0.064683087 -0.359287322 -0.211361140 0.069772914 0.997562170 0.001202303 0.018652670 0.358333677 -0.026187845 0.933226228 0.640446842
0.930019915 -0.065405682 -0.361642063 -0.214578584 0.069913886 0.997552812 -0.000620282 0.019307015 0.360797614 -0.024706924 0.932316840 0.652989805
0.929277956 -0.066343598 -0.363374293 -0.221747577 0.070717663 0.997495532 -0.001268846 0.022057813 0.362548441 -0.024517871 0.931642413 0.667455435
0.929268956 -0.066117853 -0.363438636 -0.229683578 0.070819438 0.997489095 -0.000389417 0.019608164 0.362551779 -0.025376650 0.931617975 0.679635525
0.928898215 -0.065854862 -0.364433020 -0.235716745 0.070062943 0.997541189 -0.001678218 0.020538865 0.363647431 -0.023974353 0.931228042 0.691743910
0.928135335 -0.065139756 -0.366499215 -0.241432130 0.069773115 0.997562706 -0.000605991 0.020833340 0.365645468 -0.025009355 0.930418074 0.705494285
0.927303374 -0.065085977 -0.368608713 -0.246357307 0.069460489 0.997583807 -0.001404675 0.020960256 0.367809594 -0.024301188 0.929583490 0.718945563
0.926454425 -0.067865469 -0.370238543 -0.251313090 0.071583353 0.997427702 -0.003706240 0.021710398 0.369537711 -0.023069253 0.928929269 0.732471347
0.925714910 -0.065660469 -0.372478902 -0.255925268 0.070353180 0.997521698 -0.000995376 0.022099977 0.371621132 -0.025283640 0.928040087 0.745132506
0.925156534 -0.067360938 -0.373561263 -0.261511385 0.070765048 0.997482419 -0.004611301 0.021675361 0.372931391 -0.022168908 0.927594006 0.758147120
0.924466729 -0.065474413 -0.375598699 -0.266893238 0.070286125 0.997526526 -0.000892609 0.022763303 0.374728113 -0.025574196 0.926781893 0.771617115
0.923667192 -0.067288622 -0.377241373 -0.293683678 0.071155742 0.997458398 -0.003693574 0.013339297 0.376531124 -0.023431258 0.926107585 0.851170897
0.923066616 -0.065665603 -0.378993213 -0.298643947 0.070064694 0.997539997 -0.002189190 0.013884814 0.378204644 -0.024533276 0.925396919 0.865096688
0.923690856 -0.066297546 -0.377359003 -0.285503328 0.070864335 0.997484446 -0.001786184 0.022133078 0.376528114 -0.025091412 0.926065326 0.806882441
0.922758877 -0.065117843 -0.379836231 -0.312211573 0.069149800 0.997601688 -0.003035685 0.014341978 0.379122943 -0.023464398 0.925048709 0.889972627
0.923552394 -0.066629089 -0.377639502 -0.300377339 0.071033016 0.997471452 -0.002271780 0.022957059 0.376835942 -0.024726765 0.925949872 0.832950771
0.922281921 -0.062486045 -0.381433606 -0.322998196 0.066049278 0.997809350 -0.003757150 0.016456231 0.380832791 -0.021728268 0.924388587 0.917408228
0.922102630 -0.060337331 -0.382212192 -0.329218626 0.064011991 0.997944295 -0.003107376 0.016616764 0.381614029 -0.021600844 0.924069345 0.931624651
0.922128320 -0.060320772 -0.382152885 -0.334740937 0.063863717 0.997952759 -0.003419426 0.016946672 0.381576777 -0.021252554 0.924092829 0.944250584
0.922520578 -0.059335515 -0.381359458 -0.339004576 0.063067652 0.998005569 -0.002716548 0.016343266 0.380760044 -0.021545369 0.924422860 0.949619293
0.922564328 -0.060395524 -0.381087303 -0.346097380 0.063989140 0.997945309 -0.003246880 0.016896965 0.380500346 -0.021389985 0.924533367 0.963387907
0.922697663 -0.059770450 -0.380862713 -0.351225257 0.062961169 0.998007715 -0.004088720 0.017733365 0.380348295 -0.020206911 0.924622536 0.976587951
0.923123240 -0.059901901 -0.379809409 -0.358200103 0.062692404 0.998020232 -0.005030166 0.019615274 0.379358798 -0.019167695 0.925051212 0.988900363
0.923229933 -0.060222387 -0.379499406 -0.364564329 0.063385896 0.997980356 -0.004166050 0.018742297 0.378983855 -0.020208683 0.925182641 1.003719211
0.923358619 -0.061756428 -0.378939182 -0.370207131 0.065210253 0.997864544 -0.003726451 0.019280300 0.378360093 -0.021269867 0.925414085 1.015810966
0.923534632 -0.060363337 -0.378734767 -0.375635147 0.064505272 0.997915864 -0.001755011 0.018897515 0.378051341 -0.022809573 0.925503671 1.029708505
0.923819304 -0.062135335 -0.377752632 -0.382319331 0.066462755 0.997787714 -0.001583803 0.020312697 0.377015293 -0.023643337 0.925905228 1.041494608
0.923982561 -0.061668079 -0.377429903 -0.388064295 0.066121675 0.997810900 -0.001159996 0.020699440 0.376675189 -0.023884479 0.926037431 1.057261586
0.924551427 -0.061883882 -0.375998586 -0.376878858 0.065888740 0.997824550 -0.002212031 0.029754877 0.375317454 -0.022728933 0.926617622 1.015319943
0.924701631 -0.061945625 -0.375618935 -0.382552087 0.066078834 0.997812688 -0.001881998 0.030157497 0.374913812 -0.023080176 0.926772296 1.029205203
0.925146878 -0.062672704 -0.374400139 -0.388146818 0.066647045 0.997773945 -0.002336764 0.030801438 0.373713076 -0.022790812 0.927264333 1.041400790
0.925556064 -0.061483588 -0.373584896 -0.394017756 0.065391563 0.997857213 -0.002217147 0.031435173 0.372920632 -0.022377200 0.927593410 1.055319667
0.926077783 -0.060889747 -0.372387230 -0.399668932 0.064903438 0.997889996 -0.001760598 0.031027071 0.371708632 -0.022538761 0.928075790 1.069760680
0.926636577 -0.061070040 -0.370964944 -0.405994445 0.064661227 0.997903466 -0.002761841 0.031585921 0.370355755 -0.021427820 0.928642809 1.082998276
0.927281857 -0.059408803 -0.369619906 -0.412622303 0.063158065 0.998001575 -0.001960804 0.031081915 0.368997723 -0.021526258 0.929180980 1.099439144
0.928001523 -0.058115937 -0.368015915 -0.418197393 0.061557595 0.998100698 -0.002391227 0.031809591 0.367455900 -0.020435113 0.929816425 1.112612367
0.928653240 -0.058894183 -0.366244078 -0.423678100 0.062183984 0.998060703 -0.002819492 0.031740956 0.365699828 -0.020156182 0.930514455 1.125475645
0.927967906 -0.058889914 -0.367977679 -0.444101602 0.062122907 0.998063803 -0.003064955 0.024849126 0.367445678 -0.020015659 0.929829597 1.199792147
0.928805888 -0.058571942 -0.365908355 -0.449249327 0.061200086 0.998115659 -0.004423448 0.025314881 0.365477949 -0.018285098 0.930640399 1.212990403
0.929526746 -0.058608972 -0.364067376 -0.455509245 0.061471034 0.998101830 -0.003732166 0.024746336 0.363595039 -0.018910449 0.931365252 1.227347374
0.930179477 -0.059003677 -0.362332314 -0.461318195 0.061587252 0.998091877 -0.004426576 0.025449093 0.361902088 -0.018197540 0.932038486 1.242259026
0.930967093 -0.058410216 -0.360400558 -0.467226595 0.060904086 0.998133779 -0.004443695 0.024938088 0.359987468 -0.017812930 0.932787061 1.257491827
0.932179332 -0.057747703 -0.357360840 -0.473320842 0.060239010 0.998175263 -0.004166013 0.024957318 0.356949329 -0.017643591 0.933957100 1.270983100
0.932620525 -0.057553485 -0.356239557 -0.477732718 0.060265563 0.998176217 -0.003490977 0.025075881 0.355790794 -0.018213218 0.934388101 1.285300493
0.933036685 -0.058220245 -0.355039388 -0.482451439 0.060971640 0.998133600 -0.003444137 0.025566436 0.354577214 -0.018433832 0.934844971 1.298571944
0.934491694 -0.060421806 -0.350819528 -0.490566254 0.063516892 0.997977138 -0.002689597 0.026710186 0.350272328 -0.019769561 0.936439276 1.310755849
0.934445083 -0.059638433 -0.351077914 -0.492479414 0.062691182 0.998029351 -0.002675910 0.027404638 0.350545645 -0.019508991 0.936342418 1.325434446
0.935970962 -0.059164330 -0.347070515 -0.500198722 0.062181145 0.998061895 -0.002448846 0.028096359 0.346542776 -0.019289197 0.937835813 1.337166905
0.935761571 -0.058172323 -0.347802132 -0.502922595 0.061616257 0.998099267 -0.001160532 0.025371030 0.347208530 -0.020344280 0.937567294 1.355283022
0.936950505 -0.058502097 -0.344530642 -0.508939505 0.061665412 0.998095334 -0.001779914 0.028063631 0.343978614 -0.019577933 0.938773334 1.366478801
0.937286675 -0.059459582 -0.343450516 -0.514074385 0.062676616 0.998032451 -0.001737163 0.029816857 0.342878044 -0.019898096 0.939169228 1.381746531
0.937665522 -0.059525177 -0.342403471 -0.517366946 0.063526645 0.997980058 0.000472564 0.027610851 0.341683656 -0.022194849 0.939552844 1.395896673
0.938844442 -0.058905136 -0.339265823 -0.523974538 0.062663503 0.998034716 0.000123536 0.028822012 0.338591844 -0.021375569 0.940690458 1.409008503
0.939743280 -0.058735430 -0.336797535 -0.530274391 0.062503651 0.998044670 0.000346815 0.030251369 0.336118639 -0.021376992 0.941577017 1.423170447
0.940908730 -0.060091369 -0.333286643 -0.536827445 0.064016081 0.997948527 0.000795672 0.030236984 0.332555175 -0.022084357 0.942825198 1.435262203
0.941248119 -0.060870439 -0.332185239 -0.541863799 0.064670824 0.997906566 0.000386154 0.032642197 0.331466317 -0.021846155 0.943214178 1.454266310
0.941448271 -0.056844268 -0.332331032 -0.542922974 0.060158692 0.998188853 -0.000315990 0.033646658 0.331747055 -0.019695116 0.943162680 1.470251322
0.943900466 -0.058269214 -0.325048447 -0.565244198 0.061923742 0.998080492 0.000899823 0.030942623 0.324372083 -0.020977559 0.945696950 1.479707122
0.944480896 -0.058122698 -0.323384613 -0.569134295 0.061773393 0.998089731 0.001027041 0.032135949 0.322707146 -0.020946587 0.946267009 1.494432807
0.945078611 -0.058636565 -0.321540147 -0.574055076 0.062786773 0.998023748 0.002543276 0.031406812 0.320755601 -0.022592068 0.946892500 1.508224964
0.945252478 -0.060087562 -0.320760280 -0.577057242 0.063889995 0.997956097 0.001332558 0.033433069 0.320024580 -0.021752972 0.947159469 1.524274468
0.946069002 -0.059774946 -0.318402886 -0.581419706 0.063511387 0.997980237 0.001356573 0.034601875 0.317678690 -0.021505620 0.947954476 1.538054109
0.946785152 -0.060028095 -0.316219032 -0.585956991 0.064070642 0.997942567 0.002392475 0.034768347 0.315424800 -0.022525514 0.948683262 1.551887751
0.947157443 -0.060226839 -0.315064371 -0.589076698 0.064147830 0.997938275 0.002080324 0.035949867 0.314289480 -0.022181088 0.949068069 1.568220377
0.948326111 -0.059858903 -0.311600059 -0.598144650 0.063520066 0.997979224 0.001603905 0.035258330 0.310874403 -0.021313874 0.950212061 1.586128592
0.948366821 -0.059261851 -0.311590046 -0.599869847 0.063026108 0.998009801 0.002015369 0.034362487 0.310850501 -0.021549622 0.950214505 1.603451848
0.949498534 -0.058123015 -0.308341116 -0.606020689 0.061636019 0.998097360 0.001656869 0.034809060 0.307658166 -0.020578114 0.951274455 1.619063139
0.949955404 -0.059266977 -0.306711555 -0.609620690 0.063048601 0.998007417 0.002427296 0.034393817 0.305956542 -0.021643559 0.951799393 1.632832885
0.951865673 -0.060482372 -0.300489038 -0.619505346 0.063593306 0.997975647 0.000573531 0.035273258 0.299846143 -0.019655017 0.953785062 1.634505987
0.952830374 -0.059308346 -0.297652096 -0.623547852 0.062594108 0.998037994 0.001510468 0.037190139 0.296978503 -0.020070491 0.954673171 1.648690820
0.953509748 -0.060766716 -0.295172185 -0.628814399 0.064232871 0.997932792 0.002051562 0.035302002 0.294437379 -0.020915942 0.955441892 1.662502289
0.954072595 -0.060781382 -0.293344676 -0.632571816 0.064226687 0.997933149 0.002117530 0.037377946 0.292609632 -0.020860834 0.956004441 1.678216100
0.954995751 -0.059528183 -0.290584773 -0.638289094 0.063115962 0.998001754 0.002981031 0.034770802 0.289826691 -0.021187410 0.956844568 1.694303989
0.955734611 -0.059534241 -0.288144171 -0.643035531 0.063568600 0.997966528 0.004655730 0.033791516 0.287281096 -0.022766564 0.957575738 1.708798289
0.956328928 -0.059143331 -0.286246538 -0.645517290 0.062634118 0.998031855 0.003045913 0.037017867 0.285503060 -0.020841695 0.958151042 1.723247766
0.956650853 -0.061726607 -0.284620851 -0.648777008 0.064038903 0.997946620 -0.001184026 0.040413823 0.284109592 -0.017094109 0.958639383 1.739966631
0.957935989 -0.060996719 -0.280424863 -0.655191839 0.064139694 0.997938752 0.002035200 0.038950451 0.279722780 -0.019935956 0.959873796 1.753816366
0.958929956 -0.063129008 -0.276528418 -0.660552025 0.065919854 0.997824550 0.000798583 0.044965718 0.275876492 -0.018994495 0.961005390 1.766828418
0.959762335 -0.059564471 -0.274424046 -0.661341548 0.062380508 0.998051167 0.001537975 0.042046439 0.273797691 -0.018594796 0.961607516 1.783038855
0.961114049 -0.058460601 -0.269892931 -0.665375233 0.061358705 0.998113096 0.002306175 0.043193206 0.269248813 -0.018776778 0.962887585 1.793809652
0.961871088 -0.058485508 -0.267177045 -0.667710781 0.062584609 0.998016179 0.006845025 0.042851187 0.266246706 -0.023305207 0.963623106 1.805286288
0.962124527 -0.061598077 -0.265559971 -0.669848561 0.064567752 0.997910261 0.002458445 0.050680019 0.264853597 -0.019511942 0.964091241 1.826858997
0.963253200 -0.059948653 -0.261819452 -0.672215998 0.062934659 0.998013079 0.003026754 0.052628737 0.261117756 -0.019393047 0.965112090 1.835772038
0.965081394 -0.054878991 -0.256137371 -0.678760350 0.058265809 0.998285115 0.005646829 0.050012745 0.255388200 -0.020373700 0.966623902 1.852823019
0.965437293 -0.055119652 -0.254740208 -0.679850101 0.059018206 0.998227298 0.007680137 0.046313539 0.253865331 -0.022449004 0.966979086 1.868849039
0.967251539 -0.054961801 -0.247797802 -0.689621329 0.058441635 0.998268306 0.006703616 0.048528265 0.247000217 -0.020965792 0.968788564 1.885926366
0.968391657 -0.060363922 -0.242020324 -0.697282076 0.062458955 0.998047054 0.000986261 0.053100858 0.241488129 -0.016071422 0.970270693 1.898802876
0.969755769 -0.061113436 -0.236302420 -0.702188611 0.065028183 0.997844636 0.008801212 0.050942916 0.235255197 -0.023901347 0.971639693 1.907395244
0.969625652 -0.057069119 -0.237843037 -0.698516071 0.059597269 0.998216510 0.003446352 0.051732183 0.237222180 -0.017516466 0.971297503 1.929332018
0.970626652 -0.060360778 -0.232895851 -0.706423581 0.062151145 0.998066604 0.000349832 0.055351283 0.232424483 -0.014814304 0.972501576 1.947575092
0.971186042 -0.056426384 -0.231546447 -0.703892708 0.058864459 0.998259366 0.003628524 0.051923066 0.230938703 -0.017153829 0.972817063 1.959366918
0.971878827 -0.056451667 -0.228614718 -0.706603110 0.058565605 0.998280525 0.002467366 0.051835470 0.228082344 -0.015786944 0.973513842 1.975845218
0.972879946 -0.054782484 -0.224729940 -0.709150314 0.057020068 0.998367012 0.003473750 0.053249750 0.224172682 -0.016193662 0.974414885 1.990397453
0.973730206 -0.055582963 -0.220816612 -0.712397218 0.057505619 0.998342514 0.002283011 0.053158782 0.220323741 -0.014921235 0.975312710 2.004330397
0.974736273 -0.053591013 -0.216834292 -0.716071844 0.055246022 0.998471439 0.001573548 0.056265399 0.216418520 -0.013513027 0.976207197 2.021183014
0.975458205 -0.052356418 -0.213869303 -0.717711866 0.054466765 0.998507619 0.003982679 0.055921044 0.213341624 -0.015533707 0.976854205 2.035009623
0.976049721 -0.052753042 -0.211054340 -0.719767153 0.054957189 0.998478115 0.004587432 0.056516096 0.210491136 -0.016076518 0.977463603 2.050204754
0.976531982 -0.052554298 -0.208861902 -0.721387386 0.054965507 0.998471677 0.005753081 0.058352839 0.208240345 -0.017098270 0.977928221 2.067891359
0.977604866 -0.050185978 -0.204377323 -0.723567545 0.052225970 0.998624742 0.004596414 0.060720421 0.203865618 -0.015167283 0.978881359 2.082870722
0.978543401 -0.048542239 -0.200240806 -0.726740837 0.050785895 0.998690963 0.006080206 0.061090268 0.199683562 -0.016119154 0.979727924 2.095719576
0.978836000 -0.050004844 -0.198442936 -0.727520883 0.052340381 0.998607874 0.006537988 0.063217312 0.197839782 -0.016786197 0.980090678 2.113274813
0.978741765 -0.050460778 -0.198791891 -0.693527281 0.052701253 0.998592317 0.005992065 0.072706044 0.198209703 -0.016341267 0.980023384 2.006030321
0.979377687 -0.050337773 -0.195667014 -0.695654273 0.052709308 0.998585820 0.006928719 0.073632091 0.195041537 -0.017099302 0.980645895 2.021474600
0.979926646 -0.050675064 -0.192810252 -0.697389841 0.053094260 0.998562098 0.007397333 0.075437129 0.192158133 -0.017485963 0.981208205 2.036963224
0.980542541 -0.050737847 -0.189636290 -0.699140310 0.053331148 0.998539925 0.008593783 0.076075375 0.188923359 -0.018540090 0.981816769 2.051181793
0.981512606 -0.049485125 -0.184889853 -0.703087747 0.052297961 0.998577714 0.010364855 0.076193571 0.184113994 -0.019842599 0.982704639 2.066992760
0.981926978 -0.050377391 -0.182432324 -0.704113781 0.053103298 0.998538077 0.010084880 0.079007268 0.181657583 -0.019590374 0.983166695 2.085145235
0.982492983 -0.050179619 -0.179414481 -0.705451190 0.052962184 0.998538613 0.010749888 0.081026427 0.178612858 -0.020063872 0.983714819 2.100840330
0.983343303 -0.048767760 -0.175093517 -0.708125114 0.051634911 0.998595655 0.011854017 0.081437282 0.174269557 -0.020697504 0.984480381 2.116285086
0.983711362 -0.049962588 -0.172672331 -0.708498120 0.052803114 0.998534083 0.011893487 0.084147178 0.171824992 -0.020817392 0.984907508 2.133950472
0.984349966 -0.048871782 -0.169312790 -0.710714459 0.051761296 0.998578727 0.012691841 0.084827356 0.168451920 -0.021257060 0.985480607 2.147257566
0.984853983 -0.048820645 -0.166370600 -0.710822225 0.051683757 0.998579919 0.012920767 0.087569326 0.165503547 -0.021323727 0.985978663 2.163917065
0.985687912 -0.050661363 -0.160787880 -0.721098185 0.053696170 0.998450756 0.014583074 0.083891340 0.159800008 -0.023008050 0.986881196 2.185591698
0.986237109 -0.050207611 -0.157529205 -0.723043144 0.053349249 0.998451293 0.015775859 0.082870901 0.156493172 -0.023962805 0.987388253 2.201740265
0.986671448 -0.049428131 -0.155036151 -0.722903848 0.052613299 0.998478472 0.016506510 0.083085716 0.153984383 -0.024443464 0.987770855 2.217339039
0.987231016 -0.049346071 -0.151458651 -0.725912690 0.052427512 0.998489678 0.016417135 0.083946563 0.150419772 -0.024148101 0.988327265 2.234335661
0.987568259 -0.050564039 -0.148835704 -0.728013277 0.053574618 0.998430967 0.016285641 0.087076657 0.147778690 -0.024056997 0.988727748 2.251546144
0.987827003 -0.050718796 -0.147055238 -0.726739168 0.053505659 0.998454094 0.015055249 0.091699064 0.146064326 -0.022740275 0.989013612 2.267250776
0.988406956 -0.051231921 -0.142922580 -0.729749203 0.053948198 0.998428106 0.015192698 0.092991650 0.141919583 -0.022726985 0.989617229 2.282236099
0.988929152 -0.055142172 -0.137762085 -0.738354504 0.057609495 0.998241127 0.013984370 0.098675914 0.136748672 -0.021765957 0.990366638 2.303898096
0.989363432 -0.052736051 -0.135568649 -0.736699700 0.055520475 0.998315573 0.016838053 0.095373869 0.134452313 -0.024185792 0.990624905 2.319455862
0.989800930 -0.051815350 -0.132698983 -0.738311470 0.054446757 0.998383999 0.016276224 0.096607119 0.131641164 -0.023335252 0.991022766 2.339102030
0.990830421 -0.051669821 -0.124841094 -0.767937899 0.054409962 0.998344660 0.018637735 0.087823138 0.123671442 -0.025259435 0.992001593 2.425148010
0.990962565 -0.053718481 -0.122912996 -0.768593669 0.056383710 0.998241305 0.018306734 0.090074688 0.121713445 -0.025071578 0.992248535 2.442963362
0.991551101 -0.051256932 -0.119160287 -0.770106435 0.053874969 0.998369694 0.018852005 0.089189321 0.117999718 -0.025112486 0.992695928 2.458433390
0.991632104 -0.053420495 -0.117524274 -0.770215631 0.055653043 0.998325169 0.015795166 0.093014792 0.116483666 -0.022203576 0.992944300 2.476459742
0.992206752 -0.054153610 -0.112219386 -0.777275741 0.056387525 0.998267114 0.016826995 0.094119310 0.111113690 -0.023023630 0.993540943 2.494744301
0.992711484 -0.050836284 -0.109269053 -0.776852012 0.053111397 0.998426139 0.018010657 0.091694728 0.108181499 -0.023682820 0.993849039 2.507804871
0.992981553 -0.052471027 -0.105992779 -0.779216170 0.054508880 0.998378277 0.016419716 0.094923928 0.104959339 -0.022082021 0.994231343 2.520294666
0.993353546 -0.051863123 -0.102756701 -0.781823039 0.053911068 0.998396754 0.017252259 0.095772125 0.101697177 -0.022677315 0.994556963 2.536202192
0.993689477 -0.051615838 -0.099584132 -0.783431888 0.053502522 0.998433650 0.016367156 0.097057983 0.098583333 -0.021591874 0.994894564 2.552471876
0.993980587 -0.051641956 -0.096621424 -0.785945356 0.053621713 0.998398960 0.018004967 0.097603716 0.095536917 -0.023077592 0.995158315 2.568118334
0.994259059 -0.051441383 -0.093823098 -0.787860870 0.053348362 0.998414993 0.017929966 0.099270947 0.092752047 -0.022832338 0.995427370 2.585424900
0.994479299 -0.052240252 -0.091004923 -0.790029824 0.054123379 0.998365641 0.018347405 0.099760637 0.089897700 -0.023171606 0.995681465 2.602239609
0.994848132 -0.050544482 -0.087878101 -0.792596519 0.052373759 0.998453736 0.018634988 0.101537786 0.086800322 -0.023141488 0.995956957 2.618727446
0.994784176 -0.051855095 -0.087838940 -0.791187406 0.053743422 0.998368859 0.019269217 0.101818040 0.086696461 -0.023889478 0.995948315 2.636356592
0.994982839 -0.051546313 -0.085744135 -0.791819096 0.053472113 0.998362780 0.020315312 0.102461144 0.084556580 -0.024798309 0.996110022 2.650726318
0.995125592 -0.051598124 -0.084040403 -0.792992592 0.053473040 0.998364747 0.020212322 0.103646144 0.082860053 -0.024607696 0.996257365 2.667650700
0.995317817 -0.051693562 -0.081671171 -0.795122504 0.053435065 0.998385191 0.019282104 0.104588881 0.080542512 -0.023555927 0.996472776 2.683793068
0.995459020 -0.051169578 -0.080269314 -0.796246529 0.052966118 0.998387635 0.020412700 0.104991905 0.079095386 -0.024571555 0.996564150 2.700923920
0.995603979 -0.051683906 -0.078110680 -0.798322499 0.053394526 0.998373806 0.019971060 0.106301412 0.076951459 -0.024053952 0.996744633 2.716247559
0.995645463 -0.052183747 -0.077246465 -0.801740050 0.053822368 0.998364449 0.019283887 0.107060447 0.076113798 -0.023357509 0.996825457 2.749482632
0.995774746 -0.052296344 -0.075483322 -0.803223908 0.053959806 0.998339415 0.020167504 0.108217627 0.074303277 -0.024155356 0.996943116 2.765319586
0.995889783 -0.052690521 -0.073670261 -0.805457056 0.054362461 0.998303115 0.020875564 0.108994722 0.072445311 -0.024794659 0.997064114 2.781980515
0.995995760 -0.052228995 -0.072557271 -0.805891037 0.053890757 0.998323143 0.021135822 0.110225961 0.071331687 -0.024961350 0.997140348 2.798261642
0.996013820 -0.052784409 -0.071905889 -0.806380510 0.054449983 0.998287082 0.021402122 0.111380249 0.070653021 -0.025232084 0.997181773 2.813903093
0.996113718 -0.052512504 -0.070710436 -0.807967961 0.054250833 0.998264968 0.022890631 0.111842677 0.069385700 -0.026637772 0.997234106 2.829890013
0.996266782 -0.051408995 -0.069351278 -0.807473779 0.053097840 0.998330534 0.022731347 0.113639757 0.068066902 -0.026328886 0.997333288 2.832050085
0.996305227 -0.051490374 -0.068734713 -0.808151722 0.053083893 0.998357296 0.021561002 0.114746436 0.067511618 -0.025130047 0.997402012 2.848942995
0.996385694 -0.051242560 -0.067747161 -0.809409976 0.052839778 0.998360753 0.021997262 0.115427531 0.066508904 -0.025497505 0.997459948 2.865409136
0.996511340 -0.050493237 -0.066449299 -0.810710907 0.052034333 0.998410165 0.021668386 0.116669685 0.065249547 -0.025050435 0.997554541 2.880252600
0.996523798 -0.050962560 -0.065902077 -0.811434984 0.052432254 0.998408496 0.020766137 0.117734969 0.064738907 -0.024149342 0.997609973 2.896866798
0.996617973 -0.050659571 -0.064701959 -0.812385082 0.052054901 0.998442650 0.020063896 0.118787944 0.063584745 -0.023364089 0.997702956 2.913224220
0.996770620 -0.049689971 -0.063080974 -0.814559042 0.051098708 0.998474538 0.020917872 0.119197875 0.061945327 -0.024073679 0.997789204 2.929952145
0.996719599 -0.051709596 -0.062259249 -0.815396547 0.053115688 0.998364508 0.021144290 0.120050728 0.061064053 -0.024381870 0.997835994 2.947014570
0.996730328 -0.051973976 -0.061865889 -0.815592647 0.053415813 0.998332560 0.021883570 0.121045932 0.060625356 -0.025116634 0.997844517 2.963675976
0.996847510 -0.052096758 -0.059841253 -0.817609251 0.053505220 0.998321235 0.022179388 0.122509316 0.058585320 -0.025311284 0.997961402 2.978263378
0.996858895 -0.051648345 -0.060040191 -0.816235900 0.053144373 0.998308122 0.023592133 0.122505993 0.058720119 -0.026708823 0.997917116 2.995226622
0.996895194 -0.051497959 -0.059564769 -0.816972196 0.052965257 0.998323977 0.023321800 0.123708755 0.058263913 -0.026404249 0.997951925 3.010347128
0.997028708 -0.050439533 -0.058220927 -0.818849146 0.051876526 0.998378396 0.023439107 0.124758482 0.056944251 -0.026389759 0.998028517 3.028771639
0.997045875 -0.050418194 -0.057945237 -0.819747627 0.051800121 0.998401761 0.022598561 0.126437694 0.056713242 -0.025533373 0.998063922 3.047124147
0.997219026 -0.050528333 -0.054781526 -0.822541535 0.051892098 0.998369932 0.023764113 0.126503438 0.053491466 -0.026540754 0.998215556 3.062003851
0.997231841 -0.050667018 -0.054420605 -0.822474718 0.051914822 0.998414338 0.021764535 0.127482951 0.053231571 -0.024529519 0.998280942 3.078892231
0.997259021 -0.050334431 -0.054231949 -0.822701454 0.051611844 0.998415649 0.022416467 0.128803685 0.053017698 -0.025154032 0.998276651 3.092474222
0.997315824 -0.050714504 -0.052812018 -0.823514044 0.051948432 0.998401642 0.022259224 0.129668072 0.051598739 -0.024942977 0.998356402 3.110137939
0.997318566 -0.051687341 -0.051808268 -0.824895442 0.052828267 0.998384893 0.020899186 0.130848497 0.050644364 -0.023580087 0.998438299 3.124362946
0.997371912 -0.051677823 -0.050779805 -0.825121284 0.052864861 0.998352289 0.022316968 0.131979182 0.049542844 -0.024942787 0.998460531 3.143510103
0.997405171 -0.051881358 -0.049912184 -0.825778306 0.052996196 0.998368025 0.021277213 0.133227006 0.048726834 -0.023867158 0.998526931 3.157453299
0.997617006 -0.050864983 -0.046614368 -0.829220057 0.051970646 0.998387754 0.022821624 0.133274034 0.045378391 -0.025189826 0.998652220 3.177000046
0.997662544 -0.051158294 -0.045302041 -0.830046237 0.052293610 0.998337507 0.024240073 0.133888334 0.043986645 -0.026552418 0.998679221 3.192526340
0.997772098 -0.050730597 -0.043326601 -0.831799686 0.051811658 0.998363495 0.024203135 0.133975551 0.042027861 -0.026394036 0.998767793 3.208321333
0.997826695 -0.050094925 -0.042805266 -0.832060337 0.051153217 0.998402417 0.023995632 0.135551393 0.041534830 -0.026133113 0.998795211 3.224539518
0.998021185 -0.047650270 -0.041025713 -0.833639622 0.048613977 0.998556852 0.022821812 0.137233824 0.039879039 -0.024771078 0.998897433 3.239633799
0.997999847 -0.048205130 -0.040896170 -0.833491027 0.049149297 0.998540163 0.022403896 0.138642251 0.039756484 -0.024369108 0.998912096 3.254684687
0.997990668 -0.049097262 -0.040049657 -0.834071994 0.050071485 0.998464525 0.023695707 0.137559593 0.038824767 -0.025653442 0.998916626 3.271311283
0.998121142 -0.048652422 -0.037247304 -0.841584563 0.049617186 0.998444498 0.025429960 0.133929431 0.035952136 -0.027230285 0.998982430 3.300608635
0.998138785 -0.048810277 -0.036557700 -0.842139542 0.049723096 0.998462737 0.024490196 0.136092439 0.035306130 -0.026262376 0.999031425 3.317270279
0.998191833 -0.048285611 -0.035799310 -0.842153251 0.049180899 0.998487830 0.024564130 0.136432663 0.034559079 -0.026280357 0.999057114 3.333551884
0.998186409 -0.049037725 -0.034918491 -0.844215393 0.049919698 0.998444021 0.024850588 0.137655050 0.033645544 -0.026548637 0.999081135 3.349142313
0.998203218 -0.049005706 -0.034476519 -0.844970703 0.049863193 0.998456359 0.024467431 0.138776720 0.033224247 -0.026142579 0.999105990 3.366579771
0.998194635 -0.049671493 -0.033768166 -0.845771730 0.050523095 0.998413682 0.024851255 0.139547095 0.032480195 -0.026512459 0.999120712 3.382807493
0.998191833 -0.050303888 -0.032901183 -0.847239494 0.051175505 0.998345733 0.026208945 0.140361816 0.031528331 -0.027845290 0.999114931 3.397556543
0.998187363 -0.050759688 -0.032332808 -0.848000586 0.051582068 0.998352528 0.025129430 0.141553044 0.031003978 -0.026751673 0.999161184 3.414271832
0.998251975 -0.050352398 -0.030945865 -0.849639356 0.051168084 0.998347521 0.026157148 0.142291322 0.029577648 -0.027694868 0.999178708 3.428974628
0.998307467 -0.049553741 -0.030438822 -0.850259900 0.050312225 0.998428643 0.024679141 0.144038707 0.029168038 -0.026168812 0.999231994 3.444739103
0.998351753 -0.049635641 -0.028812075 -0.852160156 0.050389368 0.998389840 0.026051164 0.144464999 0.027472619 -0.027460048 0.999245286 3.459774017
0.998351038 -0.049533684 -0.029010866 -0.851302683 0.050228294 0.998455942 0.023724362 0.146832556 0.027790921 -0.025142405 0.999297440 3.473070145
0.998436511 -0.050396390 -0.024182282 -0.872028470 0.051049002 0.998326302 0.027174367 0.140286043 0.022772320 -0.028366359 0.999338150 3.504924774
0.998390079 -0.051286858 -0.024228234 -0.872183442 0.051922534 0.998302698 0.026379788 0.142178804 0.022834180 -0.027595308 0.999358296 3.519967556
0.998412490 -0.051120691 -0.023646373 -0.872832298 0.051759046 0.998288453 0.027221238 0.141811490 0.022214334 -0.028401939 0.999349654 3.536636829
0.998501420 -0.049963504 -0.022329800 -0.874290109 0.050560083 0.998355865 0.027002297 0.144330487 0.020943955 -0.028090827 0.999385953 3.552798271
0.998524725 -0.050101828 -0.020931665 -0.875616372 0.050667793 0.998338282 0.027444754 0.144627348 0.019521857 -0.028464830 0.999404132 3.569207191
0.998521984 -0.050045181 -0.021202140 -0.875363529 0.050624110 0.998333216 0.027710039 0.145677477 0.019780053 -0.028742421 0.999391079 3.584757805
0.998531520 -0.050178789 -0.020417120 -0.876564145 0.050738793 0.998322070 0.027902758 0.145558462 0.018982735 -0.028897725 0.999402046 3.600188494
0.998495519 -0.051242109 -0.019514862 -0.877199411 0.051782619 0.998257756 0.028279604 0.147360578 0.018031757 -0.029247586 0.999409556 3.617211342
0.998536289 -0.050848123 -0.018431364 -0.877690315 0.051360134 0.998274565 0.028460877 0.148526341 0.016952382 -0.029365858 0.999424994 3.631580830
0.998551250 -0.050793897 -0.017754354 -0.878166258 0.051268145 0.998309851 0.027363274 0.149221465 0.016334461 -0.028233863 0.999467969 3.648828983
0.998598397 -0.050077327 -0.017130863 -0.878576338 0.050555903 0.998307407 0.028748319 0.149886847 0.015662227 -0.029574091 0.999439895 3.663996458
0.998619080 -0.050084844 -0.015858348 -0.879401207 0.050509952 0.998340726 0.027648019 0.151483133 0.014447290 -0.028410839 0.999491930 3.681158781
0.998647451 -0.049554192 -0.015733778 -0.879394829 0.049978781 0.998361945 0.027849227 0.152442366 0.014327959 -0.028597916 0.999488354 3.698040247
0.998668015 -0.049668290 -0.013965938 -0.880416512 0.050048921 0.998343647 0.028372295 0.152872697 0.012533604 -0.029033488 0.999499917 3.711061239
0.998754442 -0.048200496 -0.012892677 -0.880788565 0.048543245 0.998435676 0.027743321 0.154176027 0.011535268 -0.028334618 0.999531925 3.728908539
0.998727560 -0.048916895 -0.012273476 -0.882891119 0.049278192 0.998300791 0.031100310 0.149767980 0.010731291 -0.031665549 0.999440908 3.743218184
0.998749673 -0.048858266 -0.010582022 -0.884370565 0.049152251 0.998353243 0.029577825 0.151949868 0.009119475 -0.030060977 0.999506414 3.758018732
0.998731673 -0.049361542 -0.009924417 -0.885081232 0.049652994 0.998264790 0.031651791 0.152020916 0.008344814 -0.032104425 0.999449670 3.773916006
0.998725355 -0.049555130 -0.009596481 -0.884402692 0.049830113 0.998278916 0.030923333 0.154163316 0.008047556 -0.031362113 0.999475718 3.790581226
0.998748243 -0.049478851 -0.007333691 -0.886344731 0.049685419 0.998273134 0.031338349 0.155116171 0.005770442 -0.031663500 0.999481857 3.805967569
0.998734772 -0.049902327 -0.006221582 -0.886758566 0.050076589 0.998232543 0.032002464 0.155936465 0.004613589 -0.032273531 0.999468446 3.820121765
0.998732150 -0.049987532 -0.005960103 -0.887725413 0.050154932 0.998216629 0.032373872 0.156726599 0.004331184 -0.032631751 0.999458015 3.839735270
0.998799205 -0.048591513 -0.006243827 -0.886417627 0.048767317 0.998296201 0.032037016 0.157457799 0.004676462 -0.032303043 0.999467134 3.859451771
0.998712420 -0.050701410 -0.001658542 -0.903532326 0.050728511 0.998158514 0.033256937 0.152535215 -0.000030684 -0.033298250 0.999445438 3.896667480
0.998651862 -0.051898107 -0.001042430 -0.903754294 0.051903356 0.998065293 0.034229420 0.153089911 -0.000736028 -0.034237377 0.999413490 3.913765669
0.998617649 -0.052560590 -0.000275763 -0.904464424 0.052540548 0.998061955 0.033344854 0.154243618 -0.001477395 -0.033313248 0.999443769 3.931582212
0.998655081 -0.051837169 0.000965076 -0.904552400 0.051775198 0.998089135 0.033724118 0.155394450 -0.002711393 -0.033628803 0.999430656 3.946310997
